-1 RhoA RhouA RhoEA
1 0.06965078262625028 0.09189128742495478 0.2988382104549573
2 0.06891143873376832 0.09225931519315231 0.29280580756990365
3 0.067527372734528 0.08784653213246373 0.2849262409864135
4 0.06641964505244222 0.0883277657178856 0.2794183065192454
5 0.06513836147623973 0.08418740420230184 0.27207420712533487
6 0.06411382581380745 0.08468556639595563 0.2669974799830577
7 0.0629240904357522 0.08082702254540815 0.2601490152780535
8 0.0619697283265882 0.08127863792557759 0.25541968567583123
9 0.06086237927834032 0.07770089157374484 0.24902947670571596
10 0.059968307285971675 0.07806594431479945 0.24458536558219726
11 0.058935728769863284 0.07476061986632701 0.23861864957491008
12 0.05809447976629241 0.07501657815202764 0.23441427189020025
13 0.05713024444799405 0.07197046856561776 0.22883899860354556
14 0.05633619023185023 0.07210748895837756 0.22484158440892943
15 0.055434796411632466 0.06930450106171326 0.21962841958017168
16 0.0546836885067269 0.06932167057360628 0.21581474451491336
17 0.053840365182702535 0.0667442741105915 0.21093699612188707
18 0.053128973577884056 0.06664672611942751 0.20729088413050736
19 0.05233953414413296 0.06427699624806803 0.20272436916580983
20 0.051665366276255696 0.06407373897617044 0.1992347453136027
21 0.050926097182132216 0.06189407706242336 0.19495761437803205
22 0.05028718201337892 0.061596389053601486 0.19161700233204013
23 0.049594756754423756 0.059589996017274986 0.18760953764566213
24 0.04898948118493525 0.05921026412195275 0.1844129128881863
25 0.04834089288752809 0.05736142819128227 0.18065731299289906
26 0.047767879887380224 0.056912325390414534 0.1776012381027562
27 0.04716038778863528 0.055206574048928286 0.17408140002734127
28 0.04661840749781363 0.05470049460322913 0.17116338188699218
29 0.04604949403894738 0.05312464977642017 0.1678646891253108
30 0.0455374006723449 0.05257333664708592 0.16508270952004556
31 0.045004736892058896 0.0511155031283263 0.16199183197727482
32 0.04452142561972912 0.05052981713761016 0.15934401278508434
33 0.04402284318476543 0.04917932689149136 0.15644872293954404
34 0.04356722226585344 0.04856911884377137 0.1539330951211192
35 0.04310069090548508 0.047316447982258765 0.15122210304429662
36 0.04267166526997416 0.04669050429373669 0.1488364551379962
37 0.042235274660642246 0.04552717496772415 0.14629926369944804
38 0.041831737887100214 0.04489321465087589 0.1440410507257378
39 0.04142368321429692 0.04381169060274641 0.14166783125584745
40 0.0410445154715182 0.04317639709942563 0.13953412905271181
41 0.04066308601495452 0.042169978969054264 0.13731561691227728
42 0.04030715604429191 0.04153905465740726 0.13530311015312932
43 0.03995072621392989 0.040601779143339414 0.13323051902987307
44 0.03961689584650842 0.03998001363956924 0.13133551369074475
45 0.03928391815692687 0.039106559139213 0.12940046697768856
46 0.038971048200850546 0.03849790500463763 0.12761891996736516
47 0.03866004771961131 0.03768350527244112 0.12581339725147261
48 0.03836700432820701 0.037091156602357685 0.1241409574197415
49 0.0380765741760208 0.036331523178745016 0.12245725390036176
50 0.037802235028194506 0.035757993936886015 0.12088930979812347
51 0.037531032546120904 0.0350492475400611 0.11932000634243972
52 0.037274292340801825 0.034496447522993495 0.11785173700435048
53 0.03702103557026098 0.03383505820461919 0.11638967850955943
54 0.03678081046283128 0.033304365262678576 0.1150161042252168
55 0.0365442746041582 0.032687100862975535 0.11365438397505041
56 0.036319505295586946 0.03217942853704861 0.11237041455070003
57 0.03609851881624195 0.03160331080319059 0.11110236230956663
58 0.035888172045931095 0.031119170913328806 0.10990284072743756
59 0.03568161209478848 0.03058143854373698 0.10872201238613395
60 0.035484680284741325 0.03012099852803637 0.10760175205698252
61 0.03529146702564079 0.029619076357737275 0.10650191869719242
62 0.035106965772977894 0.029182211339832256 0.1054557326716386
63 0.03492605516899476 0.028713684876260633 0.10443086691576996
64 0.03475301818174975 0.028300024563455973 0.10345358746053084
65 0.034583392635330175 0.02786261910807686 0.10249784489189297
66 0.034420863553170054 0.02747158970953717 0.10158433174338842
67 0.03426151964014681 0.027063153352521754 0.10069202501381128
68 0.03410853998958668 0.02669401477276798 0.09983716041481894
69 0.033958472336560214 0.026312504620146577 0.09900272343093242
70 0.033814064672437125 0.025964383234939506 0.09820139180450486
71 0.03367224486150211 0.025607854312502967 0.09741933119161175
72 0.03353539000816933 0.02527977167127718 0.09666638116412993
73 0.03340073933457332 0.02494636803123393 0.09593121225596778
74 0.03327034667137253 0.02463726584061916 0.09522139899599198
75 0.03314170176241654 0.02432521344841282 0.09452756425651913
76 0.033016571853092765 0.02403397514748518 0.09385547118501732
77 0.032892642748571094 0.02374157610560083 0.09319724072303831
78 0.0327714224580801 0.02346704519877084 0.09255718206333513
79 0.03265074389591536 0.023192672715898865 0.09192853917729221
80 0.0325318755634089 0.022933667724592672 0.09131444882592175
81 0.03241275392061864 0.022675760906186216 0.09070896832139691
82 0.032294422065147155 0.022431086295109707 0.09011428576320502
83 0.03217488242859106 0.022188143307678296 0.08952501822411854
84 0.032054963439820325 0.021956595086717257 0.08894258717078145
85 0.03193270302491067 0.021727162666680105 0.08836196622045567
86 0.03180872456955018 0.02150752681519918 0.08778396346527077
87 0.03168107929918147 0.021290183834232233 0.08720375203836771
88 0.03155019591730924 0.021081225761076107 0.08662165949627883
89 0.031414125834476635 0.020874559249497743 0.08603294296168298
90 0.031273115387697524 0.020675003858360293 0.08543756478910809
91 0.03112521259096924 0.020477578107756838 0.08483078658892855
92 0.03097049693836559 0.020286083017638935 0.08421230337041702
93 0.030807020255232954 0.02009640601130558 0.08357733540143829
94 0.030634717090196408 0.019911534342298948 0.08292539549843907
95 0.030451665204378593 0.019728029331504863 0.08225165912009595
96 0.030257689631334142 0.01954823110198148 0.08155554855725144
97 0.03005093919376239 0.019369222221070518 0.0808322588543298
98 0.02983118911389445 0.019192832585558775 0.0800812560224287
99 0.029596736637957484 0.01901655069459691 0.07929792226100404
100 0.02934740004657223 0.018841809293551153 0.07848198198785358
101 0.02908173717710617 0.018666420084255567 0.07762929499972737
102 0.028799732978293694 0.018491512757566102 0.07674014728123835
103 0.02850033950905911 0.01831516843925178 0.0758112599884708
104 0.02818384145949502 0.018138294427712896 0.0748438213111631
105 0.027849707773083165 0.01795921411483049 0.07383579599938954
106 0.027498627399764417 0.017778685353684313 0.07278954365027643
107 0.02713065521524853 0.01759526970391645 0.07170451808118875
108 0.026746920176878127 0.017409643032258067 0.07058432572390343
109 0.026348044770131668 0.017220615218109175 0.06942990522881795
110 0.025935543048445267 0.017028837502435897 0.06824592347340547
111 0.025510493330453212 0.01683337779920675 0.0670345235253224
112 0.02507465935245435 0.016634900545081932 0.06580101679378392
113 0.02462939742438767 0.01643272611344137 0.06454827450432946
114 0.02417654428428159 0.016227543525806815 0.06328172916402267
115 0.02371753920702872 0.01601889793908277 0.06200445511437273
116 0.023254123924146972 0.015807490003454855 0.060721525507684865
117 0.022787656509455207 0.015593044503559148 0.059435785061520224
118 0.022319663050291268 0.015376247128323143 0.05815161984386562
119 0.021851315569081993 0.015156951521520858 0.05687138249896488
120 0.02138386610258515 0.01493580127179949 0.05559863108811274
121 0.02091825836442894 0.014712734035541946 0.05433513639646584
122 0.020455466575824137 0.014488332644796263 0.05308364287384354
123 0.01999621154503152 0.014262585946120081 0.05184537446926902
124 0.01954122096664848 0.014036008477027056 0.05062236967915288
125 0.01909102456129244 0.013808619700752837 0.0494154039675172
126 0.018646149455802757 0.013580867299260132 0.04822595130176609
127 0.018206974331418643 0.01335278985969099 0.047054451098292316
128 0.017773871793151444 0.013124774707923467 0.04590194811958359
129 0.01734710656483337 0.012896873330406643 0.04476864414662911
130 0.01692693545845102 0.012669420813761633 0.043655265423267975
131 0.016513538711480074 0.01244247770885008 0.04256185051235092
132 0.016107086809279567 0.01221633450511662 0.04148888974073613
133 0.01570769695569625 0.011991057788766295 0.040436309805471506
134 0.01531547453460497 0.011766899780291173 0.03940442380404581
135 0.014930488672184637 0.011543930284537427 0.03839308021474204
136 0.014552794669860489 0.011322368211081792 0.037402456050142446
137 0.014182423965196535 0.011102283919466872 0.03643234333608641
138 0.013819392552483314 0.010883866875953326 0.035482812352670826
139 0.013463701623752137 0.010667185608528067 0.03455361314719812
140 0.013115335880650905 0.01045240325243106 0.033644731026032895
141 0.012774271889451988 0.010239584518454234 0.032755884278152216
142 0.012440469288421102 0.010028868834814202 0.0318869901030698
143 0.012113884500713806 0.009820315567197672 0.031037742780790283
144 0.01179445713249087 0.009614042745753783 0.030208004984830172
145 0.011482127193182248 0.009410103313191188 0.02939745321906255
146 0.011176818426953858 0.009208595992546392 0.02860590684563112
147 0.010878457609369094 0.009009566626370364 0.027833029788846716
148 0.010586956125001571 0.00881309655165973 0.027078607482718838
149 0.010302230254317223 0.008619224166672499 0.026342295671428154
150 0.010024181975472167 0.008428015195314621 0.025623853747521616
151 0.009752719434754632 0.008239500510563769 0.024922933006587992
152 0.009487737689468853 0.008053731857995006 0.02423927342454059
153 0.009229138778682516 0.007870732703928665 0.023572524996183026
154 0.008976812920489808 0.0076905423181315635 0.02292241382703172
155 0.008730657775965997 0.007513177024732002 0.022288591242331023
156 0.008490560455875264 0.007338664993488537 0.02167077409826154
157 0.008256415707819332 0.007167015773076536 0.021068617225516784
158 0.008028108965325376 0.006998247688635488 0.02048183205954021
159 0.007805533293386882 0.006832363948096036 0.019910078711573492
160 0.007588573619519351 0.00666937417419689 0.019353066348371903
161 0.007377122352451685 0.006509275710325714 0.018810461789319072
162 0.007171064864325945 0.006352070513771471 0.018281974509117012
163 0.006970293756368534 0.006197750560991667 0.017767279163447107
164 0.006774695609226423 0.006046311083690689 0.017266087624012515
165 0.006584163912328151 0.005897739195388591 0.016778083254882562
166 0.006398587061566678 0.005752024253147798 0.016302982002121623
167 0.006217859999212878 0.005609149006862939 0.015840476592829972
168 0.0060418734116837606 0.005469097708816857 0.015390288378303071
169 0.0058705241471623355 0.0053318492319146425 0.014952119919857345
170 0.005703705548480848 0.005197383419827484 0.014525699014210528
171 0.005541316728303692 0.005065675736770235 0.01411073837425917
172 0.005383253961215511 0.0049367022470889945 0.013706973039237196
173 0.005229418903270791 0.004810435452388289 0.013314126062818569
174 0.0050797109615322205 0.0046868482062958254 0.0129319403211966
175 0.004934034547478692 0.004565910469123885 0.012560149291915318
176 0.004792292340194784 0.004447592397290409 0.012198504114208707
177 0.004654391662679682 0.0043318618048386465 0.01184674868535562
178 0.00452023855564627 0.004218686614372418 0.011504642694344014
179 0.004389743363091017 0.004108032861615648 0.011171940382906982
180 0.004262815536379091 0.003999866653088973 0.010848410161605154
181 0.0041393685112565285 0.003894152586860253 0.010533816483830576
182 0.004019315165942887 0.003790855329381916 0.010227936559266093
183 0.003902572066628344 0.0036899383546477307 0.009930544874177745
184 0.0037890555081783344 0.0035913652268719097 0.009641427437979869
185 0.0036786851994663294 0.00349509858299867 0.00936036855474903
186 0.003571380820660243 0.0034011011878010214 0.00908716297186309
187 0.003467065213813644 0.003309335102403151 0.008821604568004885
188 0.0033656613962544523 0.003219762562737912 0.008563496716578965
189 0.003267095315911443 0.003132345290483929 0.008312642606349365
190 0.0031712932658845188 0.003047045233712119 0.00806885408485035
191 0.003078184258185974 0.002963823987245044 0.007831943370771715
192 0.0029876977899582925 0.0028826434249956037 0.007601730602450643
193 0.0028997658837827283 0.002803465204896947 0.007378036737443777
194 0.0028143211611587923 0.002726251315300919 0.007160689997266549
195 0.002731298592326653 0.002650963645824929 0.00694951978028458
196 0.0026506338374480878 0.0025775644647466336 0.006744362165194988
197 0.0025722647440614365 0.002506016041828978 0.0065450546893548855
198 0.002496129920883631 0.0024362810695152024 0.006351441049198876
199 0.0024221700165816813 0.00236832232736072 0.0061633666181509965
200 0.0023503264952149695 0.00230210305671909 0.005980682461579469
201 0.002280542725982801 0.0022375866590651147 0.005803241487106589
202 0.002212762933047644 0.0021747370315555186 0.005630901874253829
203 0.0021469331222732234 0.002113518293496211 0.005463523765789869
204 0.002083000181547955 0.0020538950884258366 0.0053009721974108595
205 0.0020209126672500106 0.0019958323344513836 0.005143114252223491
206 0.0019606200342083832 0.0019392954972196098 0.004989821563206534
207 0.0019020733017086628 0.0018842503609073785 0.004840967864366288
208 0.0018452243949316361 0.001830663275512015 0.00469643112803252
209 0.001790026707720238 0.0017785009460546738 0.004556091455938964
210 0.0017364345397111705 0.0017277306569327237 0.004419832904309081
211 0.0016844035707988063 0.0016783200774486502 0.004287541666392057
212 0.0016338903802902032 0.0016302374654644112 0.004159107630549289
213 0.0015848528459803805 0.0015834514877675991 0.004034422812816779
214 0.001537249733510326 0.0015379314048982141 0.003913382686618466
215 0.0014910410311981407 0.0014936469051462166 0.0037958848299235173
216 0.0014461875994148444 0.0014505682721530672 0.0036818300595948877
217 0.001402651450763043 0.0014086662315239875 0.0035711212628270453
218 0.0013603954506964467 0.0013679121026207665 0.0034636643643479862
219 0.0013193835512962445 0.0013282776568993016 0.003359367316195295
220 0.0012795805356011147 0.0012897352551616008 0.003258140921894359
221 0.0012409522120457202 0.0012522577168364918 0.0031598979623624355
222 0.0012034651960490387 0.001215818443834301 0.0030645538976992997
223 0.0011670870711635148 0.0011803913000581069 0.002972026110183341
224 0.0011317862023913223 0.0011459507229181721 0.0028822345013486753
225 0.0010975318692199839 0.001112471612405811 0.0027951008357420845
226 0.0010642941059358433 0.0010799294312597936 0.0027105492484169754
227 0.0010320438109617735 0.001048300102962498 0.002628505675456162
228 0.0010007526101300105 0.001017560101488099 0.0025488982848277868
229 0.0009703929460844347 0.0009876863576201145 0.0024716569816720466
230 0.0009409379610689357 0.0009586563391444722 0.0023967137736022434
231 0.0009123615695929421 0.0009304479649180101 0.002324002340452037
232 0.0008846383578049509 0.0009030396763200847 0.002253458343524307
233 0.0008577436421369644 0.0008764103585206194 0.0021850190509425903
234 0.0008316533827707851 0.0008505394039575579 0.002118623598993152
235 0.0008063442305619047 0.0008254066402770252 0.002054212665468898
236 0.000781793452480284 0.000800992386554505 0.0019917286900823176
237 0.0007579789687674134 0.0007772773874081616 0.0019311155892693915
238 0.0007348792885471965 0.0007542428626291447 0.0018723189416465454
239 0.0007124735388653472 0.0007318704469959343 0.001815285738654072
240 0.0006907414089464861 0.0007101422339378772 0.0017599645401766538
241 0.0006696631725040717 0.0006890407205969907 0.0017063052561984212
242 0.0006492196393544368 0.0006685488461090157 0.0016542592769704313
243 0.000629392172162694 0.0006486499414859257 0.0016037792815186028
244 0.0006101626443212379 0.0006293277630483199 0.0015548193461171463
245 0.0005915134521186802 0.0006105664467369615 0.001507334776070737
246 0.0005734274779536743 0.0005923505371851324 0.0014612821957100852
247 0.0005558880987534796 0.0005746649460864571 0.0014166194003712462
248 0.000538879153738585 0.0005574949773672096 0.0013733054306645372
249 0.0005223849497863836 0.0005408262892605169 0.0013313004419982432
250 0.0005063902330799525 0.0005246449159936425 0.0012905657654831073
251 0.0004908801919976259 0.000508937233246259 0.0012510637927037264
252 0.0004758404320865395 0.0004936899767379361 0.001212758025291141
253 0.0004612569769594535 0.0004788902107653249 0.0011756129729557317
254 0.00044711624611887995 0.0004645253440403703 0.0011395941934644808
255 0.0004334050542650896 0.0004505831010323629 0.0011046682022304865
256 0.0004201105915700653 0.0004370515353669976 0.001070802504170238
257 0.00040722042173085545 0.000423919003722651 0.0010379655133821643
258 0.00039472246435133594 0.0004111741770765988 0.0010061265781495714
259 0.00038260499202143417 0.0003988060169172272 0.0009752559094316506
260 0.00037085661452027427 0.0003868037846011787 0.0009453246000997458
261 0.00035946627514700323 0.00037515701966522825 0.0009163045611361919
262 0.00034842323650334284 0.00036385554752368666 0.0008881685360290318
263 0.00033771707626701627 0.0003528894596913946 0.0008608900437289632
264 0.00032733767434352083 0.00034224912002253714 0.0008344433889878438
265 0.00031727520823960584 0.00033192514667009084 0.000808803611247594
266 0.0003075201414088955 0.00032190841705486225 0.0007839464916060135
267 0.000298063218352586 0.00031219005139467633 0.000759848506909925
268 0.00028889545400742243 0.0003027614165743926 0.000736486833924308
269 0.0002800081286785462 0.0002936141110956948 0.0007138393080164178
270 0.00027139277834478003 0.00028473996799564214 0.0006918844250098371
271 0.00026304118950248157 0.0002761310410862651 0.0006706013039187093
272 0.00025494539028327577 0.00026777960705271474 0.0006499696869119173
273 0.0002470976452762491 0.00025967815285967685 0.0006299699056175546
274 0.0002394904473624851 0.00025181937714919 0.0006105828795549677
275 0.0002321165125712791 0.000244196178701636 0.0005917900856020602
276 0.00022496877255197742 0.00023680165723928093 0.000573573555189967
277 0.0002180403695050887 0.00022962910284209117 0.0005559158465818422
278 0.0002113246492251266 0.0002226719962463939 0.0005388000410816188
279 0.00020481515613646374 0.00021592399912898338 0.0005222097178137062
280 0.00019850562685068038 0.00020937895397911857 0.0005061289491560896
281 0.00019238998533218228 0.00020303087517236908 0.0004905422777545959
282 0.00018646233691687258 0.00019687394848368279 0.0004754347113595787
283 0.00018071696362848016 0.00019090252288097198 0.0004607917018327269
284 0.00017514831861412098 0.00018511110973943017 0.00044659913954295477
285 0.00016975102162251044 0.00017949437528875852 0.00043284333415557406
286 0.0001645198538206689 0.00017404713958448002 0.0004195110087136046
287 0.00015944975344259633 0.0001687643695486587 0.00040658928202895765
288 0.00015453581095148806 0.00016364117774277326 0.0003940656625488616
289 0.0001497732648667793 0.00015867281595282254 0.00038192803219444727
290 0.00014515749724172285 0.00015385467380304727 0.00037016464009846005
291 0.0001406840296707684 0.00014918227283429732 0.0003587640877448764
292 0.00013634851905773774 0.00014465126499723505 0.00034771532265628224
293 0.00013214675380306942 0.00014025742717986445 0.00033700762470425
294 0.00012807464984008996 0.00013599665960906265 0.00032663059980965687
295 0.00012412824700132493 0.0001318649807895367 0.00031657416731154463
296 0.00012030370530139182 0.00012785852584068397 0.00030682855372635197
297 0.00011659730147953175 0.0001239735418084029 0.00029738428107975077
298 0.00011300542551291407 0.00012020638596072792 0.00028823216076365453
299 0.00010952457732976188 0.00011655352144386688 0.0002793632827413955
300 0.00010615136353608095 0.00011301151555125755 0.0002707690095365024
301 0.00010288249429678995 0.00010957703569461451 0.00026244096623008077
302 9.971478025971635e-05 0.00010624684766904993 0.00025437103460802004
303 9.664512960048646e-05 0.00010301781190362803 0.0002465513438788802
304 9.36705451294946e-05 9.988688174237066e-05 0.00023897426500146454
305 9.078812149364957e-05 9.685109995094667e-05 0.00023163240205785316
306 8.799504245793107e-05 9.390759701831259e-05 0.0002245185867728063
307 8.52885782546142e-05 9.105358790701478e-05 0.00021762587049517057
308 8.266608302851225e-05 8.828637037735364e-05 0.00021094751890918758
309 8.012499233004605e-05 8.560332196501177e-05 0.00020447700457664494
310 7.766282071123944e-05 8.300189833667687e-05 0.00019820800184862454
311 7.527715935647881e-05 8.047963047556315e-05 0.00019213437992195715
312 7.296567382198285e-05 7.803412307255705e-05 0.0001862501979528536
313 7.072610179668837e-05 7.566305190572256e-05 0.00018054969859048034
314 6.855625097493837e-05 7.336416227612784e-05 0.00017502730328949634
315 6.645399694363165e-05 7.11352665581467e-05 0.00016967760628168737
316 6.441728117906869e-05 6.897424268875124e-05 0.0001644953700960645
317 6.24441090534134e-05 6.687903187627982e-05 0.00015947551992456668
318 6.053254794877941e-05 6.484763714120884e-05 0.0001546131393467533
319 5.8680725377290766e-05 6.287812117711143e-05 0.0001499034650681707
320 5.6886827204622045e-05 6.096860494163259e-05 0.00014534188283659403
321 5.514909587751497e-05 5.911726565780813e-05 0.00014092392252631645
322 5.34658287503318e-05 5.732233545606445e-05 0.00013664525424217266
323 5.183537641420321e-05 5.55820995106528e-05 0.00013250168372059567
324 5.025614112067908e-05 5.389489473172576e-05 0.00012848914861971625
325 4.872657520553909e-05 5.225910801878664e-05 0.00012460371420699182
326 4.7245179604245876e-05 5.0673175014672494e-05 0.00012084156983323345
327 4.581050236489884e-05 4.9135578465496806e-05 0.00011719902488032828
328 4.442113724952623e-05 4.7644847029169237e-05 0.00011367250540919422
329 4.3075722330591415e-05 4.619955374020132e-05 0.00011025855035375706
330 4.177293867308691e-05 4.479831487298939e-05 0.00010695380832943096
331 4.0511509008380996e-05 4.3439788498638075e-05 0.0001037550340494725
332 3.92901964909832e-05 4.212267340655949e-05 0.00010065908528918171
333 3.810780344755107e-05 4.0845707749920186e-05 9.766291950934918e-05
334 3.696317020089904e-05 3.9607668012422486e-05 9.476359095736377e-05
335 3.585517388798348e-05 3.8407367747893125e-05 9.195824748405154e-05
336 3.478272734824041e-05 3.724365659222657e-05 8.924412777533045e-05
337 3.374477800489061e-05 3.611541907904015e-05 8.6618558337656e-05
338 3.274030681130931e-05 3.502157370356712e-05 8.407895085469635e-05
339 3.176832719235669e-05 3.39610718137864e-05 8.162279932368759e-05
340 3.082788404400193e-05 3.29328967178296e-05 7.924767752792788e-05
341 2.9918052727413487e-05 3.193606263961656e-05 7.695123630632893e-05
342 2.9037938119439614e-05 3.0969613884926374e-05 7.473120113070909e-05
343 2.81866736541376e-05 3.00326238484685e-05 7.258536949715634e-05
344 2.7363420418884712e-05 2.9124194228840166e-05 7.0511608594869e-05
345 2.6567366239346855e-05 2.824345409677971e-05 6.850785280904163e-05
346 2.5797724815689978e-05 2.7389559149008986e-05 6.657210146761938e-05
347 2.505373484756551e-05 2.6561690837761307e-05 6.470241644667809e-05
348 2.4334659205745137e-05 2.5759055657406518e-05 6.289691998174618e-05
349 2.363978409273277e-05 2.4980884336426294e-05 6.115379237565755e-05
350 2.296841824532212e-05 2.422643115243474e-05 5.9471269859796395e-05
351 2.231989212856269e-05 2.3494973181530532e-05 5.784764238925662e-05
352 2.1693557163986345e-05 2.278580964874637e-05 5.6281251565287975e-05
353 2.1088784953348393e-05 2.209826121930187e-05 5.477048850269231e-05
354 2.0504966530943316e-05 2.1431669389852178e-05 5.33137918109256e-05
355 1.9941511613094054e-05 2.0785395819505558e-05 5.190964553211779e-05
356 1.9397847872788445e-05 2.0158821756953367e-05 5.055657718710867e-05
357 1.8873420212581007e-05 1.9551347411574453e-05 4.925315577850727e-05
358 1.8367690060494517e-05 1.896239141232894e-05 4.799798990995232e-05
359 1.788013466395026e-05 1.8391390215760197e-05 4.678972586174432e-05
360 1.741024640971612e-05 1.783779760075605e-05 4.5627045789425056e-05
361 1.6957532136793973e-05 1.7301084103937054e-05 4.450866588504574e-05
362 1.6521512480822034e-05 1.678073655249296e-05 4.34333346674289e-05
363 1.610172121023794e-05 1.6276257526316317e-05 4.2399831245539745e-05
364 1.569770459585897e-05 1.578716491946075e-05 4.140696371362646e-05
365 1.530902077508946e-05 1.5312991439969305e-05 4.045356754337847e-05
366 1.4935239148275607e-05 1.4853284190016207e-05 3.953850410026953e-05
367 1.4575939779268332e-05 1.440760419734357e-05 3.866065918541999e-05
368 1.423071282266728e-05 1.3975526020942954e-05 3.781894169745042e-05
369 1.3899157966060238e-05 1.3556637316389072e-05 3.70122823511469e-05
370 1.3580883898257764e-05 1.315053845033994e-05 3.623963250336655e-05
371 1.3275507798004933e-05 1.2756842105417397e-05 3.54999630681855e-05
372 1.2982654851757793e-05 1.2375172911935563e-05 3.479226353529568e-05
373 1.2701957799787674e-05 1.200516708018637e-05 3.4115541096470386e-05
374 1.2433056508909722e-05 1.1646472042523039e-05 3.346881986904572e-05
375 1.217559758422601e-05 1.1298746125728182e-05 3.2851140248342305e-05
376 1.192923400679015e-05 1.0961658198252583e-05 3.2261558349274776e-05
377 1.1693624816739986e-05 1.0634887371721485e-05 3.169914558075946e-05
378 1.1468434822859423e-05 1.0318122667164141e-05 3.116298830579312e-05
379 1.1253334361394805e-05 1.0011062728360408e-05 3.065218763150455e-05
380 1.1047999083011438e-05 9.71341551950955e-06 3.0165859279928383e-05
381 1.0852109787987604e-05 9.424898044937664e-06 2.9703133569332678e-05
382 1.0665352293663958e-05 9.145236069239885e-06 2.9263155471918337e-05
383 1.048741734312297e-05 8.874163858061426e-06 2.8845084763575254e-05
384 1.0318000547984925e-05 8.611423905772717e-06 2.8448096231450176e-05
385 1.0156802370746944e-05 8.356766697488731e-06 2.8071379952726822e-05
386 1.0003528132983768e-05 8.109950452788428e-06 2.7714141616888656e-05
387 9.85788806075791e-06 7.87074090094491e-06 2.737560288909556e-05
388 9.719597348415291e-06 7.638911036901935e-06 2.7055001794300322e-05
389 9.588376257129776e-06 7.414240921013723e-06 2.6751593132022716e-05
390 9.463950219410002e-06 7.1965174300986585e-06 2.6464648872529268e-05
391 9.346049972430457e-06 6.985534087537041e-06 2.6193458571806987e-05
392 9.234411691640766e-06 6.7810908226440205e-06 2.5937329747146393e-05
393 9.128777142911336e-06 6.582993799708877e-06 2.5695588251308898e-05
394 9.028893827451343e-06 6.3910552153751665e-06 2.5467578588604492e-05
395 8.934515136428088e-06 6.205093115231456e-06 2.52526642169937e-05
396 8.84540049199453e-06 6.024931204942953e-06 2.5050227776338144e-05
397 8.76131549305951e-06 5.850398697935167e-06 2.4859671300285952e-05
398 8.682032035393158e-06 5.6813301130226255e-06 2.4680416334835572e-05
399 8.607328436295605e-06 5.5175651439849365e-06 2.451190404241382e-05
400 8.536989525227695e-06 5.358948464503588e-06 2.4353595210383038e-05
401 8.470806736828342e-06 5.205329602767672e-06 2.4204970235300444e-05
402 8.408578167334116e-06 5.056562765749567e-06 2.4065529024380154e-05
403 8.350108625374645e-06 4.912506709712043e-06 2.3934790862935892e-05
404 8.295209653861369e-06 4.773024579684191e-06 2.3812294213688506e-05
405 8.243699535655798e-06 4.637983786790146e-06 2.3697596477053002e-05
406 8.195403278313684e-06 4.507255861398212e-06 2.3590273700835324e-05
407 8.150152578335056e-06 4.380716319051487e-06 2.3489920247527972e-05
408 8.107785765787474e-06 4.258244541127486e-06 2.3396148425936602e-05
409 8.068147734876658e-06 4.139723635977742e-06 2.3308588084999536e-05
410 8.031089848569585e-06 4.025040330529982e-06 2.322688618082599e-05
411 7.99646984049278e-06 3.914084837240928e-06 2.3150706318732557e-05
412 7.964151688483023e-06 3.806750741952412e-06 2.3079728270178345e-05
413 7.934005485910548e-06 3.702934892111618e-06 2.3013647474493022e-05
414 7.905907297773261e-06 3.6025372860847102e-06 2.295217453041949e-05
415 7.879739003994215e-06 3.5054609491563977e-06 2.2895034669234623e-05
416 7.855388142237879e-06 3.4116118534145894e-06 2.2841967234503107e-05
417 7.832747731467298e-06 3.3208987784675366e-06 2.2792725141601745e-05
418 7.81171610723631e-06 3.233233251284806e-06 2.2747074358284898e-05
419 7.79219673179181e-06 3.148529392242578e-06 2.2704793361680216e-05
420 7.774098025174633e-06 3.0667038835571753e-06 2.26656726288939e-05
421 7.757333168663372e-06 2.987675805122826e-06 2.2629514105449885e-05
422 7.741819933430265e-06 2.911366595536713e-06 2.2596130709943606e-05
423 7.727480485809102e-06 2.8376999176387886e-06 2.256534582026523e-05
424 7.714241216145175e-06 2.7666016072035377e-06 2.253699280315998e-05
425 7.702032546416234e-06 2.6979995492392006e-06 2.251091452228026e-05
426 7.690788764786864e-06 2.631823628244706e-06 2.248696289203097e-05
427 7.680447838244795e-06 2.568005597416324e-06 2.246499841703253e-05
428 7.670951257038459e-06 2.5064790585236177e-06 2.2444889773463486e-05
429 7.662243851410105e-06 2.4471793179349133e-06 2.2426513376931296e-05
430 7.654273646287321e-06 2.3900433766325445e-06 2.2409752996270617e-05
431 7.64699168877332e-06 2.3350097779507927e-06 2.2394499351773695e-05
432 7.640351910301434e-06 2.282018630926807e-06 2.238064976028098e-05
433 7.634310966327275e-06 2.2310114266868447e-06 2.2368107761814293e-05
434 7.628828107983747e-06 2.1819311133439923e-06 2.2356782801604415e-05
435 7.623865033818223e-06 2.1347218763895808e-06 2.2346589882200038e-05
436 7.6193857693965145e-06 2.0893292213334473e-06 2.233744927324483e-05
437 7.6153565341357345e-06 2.045699813096126e-06 2.2329286202143632e-05
438 7.6117456254813325e-06 2.003781489259229e-06 2.2322030581648556e-05
439 7.608523304131148e-06 1.9635231723103433e-06 2.2315616736569392e-05
440 7.605661683815121e-06 1.9248748374658983e-06 2.2309983154376876e-05
441 7.603134626052208e-06 1.8877874893921565e-06 2.2305072240769946e-05
442 7.600917642493671e-06 1.85221307748913e-06 2.2300830090177927e-05
443 7.598987800207188e-06 1.8181045084269896e-06 2.2297206272363648e-05
444 7.597323629588769e-06 1.7854155937720888e-06 2.229415362190179e-05
445 7.595905044705497e-06 1.7541010246485555e-06 2.229162805011954e-05
446 7.594713252015238e-06 1.7241163504968837e-06 2.228958835393107e-05
447 7.593730688868588e-06 1.6954179706101696e-06 2.2287996048145532e-05
448 7.592940933680409e-06 1.667963087631702e-06 2.2286815194987244e-05
449 7.592328652663927e-06 1.64170975293701e-06 2.228601225806483e-05
450 7.591879522328967e-06 1.6166167758903816e-06 2.2285555943203075e-05
451 7.591580179598905e-06 1.5926438129236457e-06 2.2285417074278655e-05
452 7.591418151405751e-06 1.5697512698839747e-06 2.2285568449551046e-05
453 7.591381811799534e-06 1.5479004008832593e-06 2.228598473161206e-05
454 7.591460319366568e-06 1.5270531909725236e-06 2.2286642319706737e-05
455 7.5916435805502584e-06 1.5071724892488733e-06 2.228751925186513e-05
456 7.591922188504379e-06 1.4882219044563966e-06 2.2288595092085256e-05
457 7.592287397797281e-06 1.470165882769096e-06 2.2289850843995465e-05
458 7.592731063045703e-06 1.452969673409157e-06 2.2291268849020795e-05
459 7.593245621262583e-06 1.4365993570945965e-06 2.2292832711970202e-05
460 7.59382403866879e-06 1.4210218348436233e-06 2.2294527211158516e-05
461 7.5944597884694995e-06 1.406204889993822e-06 2.229633823221007e-05
462 7.595146808880352e-06 1.3921170606555368e-06 2.2298252686052453e-05
463 7.59587948510032e-06 1.378727856982163e-06 2.2300258454669653e-05
464 7.596652605860934e-06 1.3660075333565511e-06 2.2302344316389596e-05
465 7.597461353694633e-06 1.3539272935662613e-06 2.2304499897741734e-05
466 7.598301262396414e-06 1.3424591311103948e-06 2.2306715608719257e-05
467 7.599168211207602e-06 1.331575966503489e-06 2.2308982600855656e-05
468 7.6000583846921616e-06 1.3212515333040992e-06 2.2311292707398776e-05
469 7.60096827034125e-06 1.311460476170542e-06 2.231363841002102e-05
470 7.60189462323541e-06 1.3021782289102784e-06 2.2316012782235998e-05
471 7.602834459258391e-06 1.2933811738047192e-06 2.231840946473334e-05
472 7.603785028358173e-06 1.2850464241519391e-06 2.2320822611101544e-05
473 7.604743811130084e-06 1.2771520349874571e-06 2.232324687023049e-05
474 7.60570848619934e-06 1.2696768061582052e-06 2.232567733501809e-05
475 7.606676937363151e-06 1.262600421620592e-06 2.2328109527854963e-05
476 7.607647218286652e-06 1.2559032812802227e-06 2.233053935876198e-05
477 7.608617559518625e-06 1.249566675727384e-06 2.2332963108497257e-05
478 7.609586341958223e-06 1.2435725601483595e-06 2.233537739211635e-05
479 7.6105520978642055e-06 1.237903719984032e-06 2.2337779147414813e-05
480 7.611513490128947e-06 1.232543637334529e-06 2.2340165602202896e-05
481 7.6124693121194605e-06 1.227476523941789e-06 2.234253425982644e-05
482 7.613418469997763e-06 1.222687293545307e-06 2.234488287539002e-05
483 7.614359983566024e-06 1.2181615091847763e-06 2.2347209441187644e-05
484 7.615292969130911e-06 1.2138854257180335e-06 2.2349512166685214e-05
485 7.616216640950696e-06 1.209845927816216e-06 2.2351789464933794e-05
486 7.617130295701574e-06 1.2060304911712473e-06 2.2354039934444765e-05
487 7.618033314825511e-06 1.202427204470005e-06 2.235626234957355e-05
488 7.618925150829794e-06 1.1990247259682928e-06 2.2358455641749528e-05
489 7.6198053283978e-06 1.1958122633466368e-06 2.2360618894538753e-05
490 7.620673432792251e-06 1.1927795605104862e-06 2.2362751324350462e-05
491 7.621529109699236e-06 1.1899168663755477e-06 2.236485227630302e-05
492 7.622372060076322e-06 1.1872149101835077e-06 2.2366921210516766e-05
493 7.6232020325864906e-06 1.1846649142838577e-06 2.2368957693674472e-05
494 7.624018823530824e-06 1.1822585196266541e-06 2.23709613918138e-05
495 7.624822271972009e-06 1.179987816334161e-06 2.2372932060425814e-05
496 7.625612254044541e-06 1.1778453089875754e-06 2.2374869537962158e-05
497 7.626388684088568e-06 1.17582387497791e-06 2.2376773737946442e-05
498 7.627151506773564e-06 1.173916782335797e-06 2.237864464357739e-05
499 7.627900698674893e-06 1.1721176551694677e-06 2.2380482300415164e-05
500 7.628636262649e-06 1.1704204530646968e-06 2.2382286813798823e-05
501 7.629358225360767e-06 1.1688194468943937e-06 2.2384058336129792e-05
502 7.630066639891516e-06 1.1673092530986461e-06 2.23857970739511e-05
503 7.63076157490791e-06 1.1658847264077856e-06 2.238750326941681e-05
504 7.631443122846907e-06 1.1645410656549926e-06 2.2389177209830047e-05
505 7.632111387107597e-06 1.1632736625880229e-06 2.2390819210730757e-05
506 7.632766493357765e-06 1.1620782433309117e-06 2.2392429624904478e-05
507 7.633408572667614e-06 1.1609506714296239e-06 2.2394008826594365e-05
508 7.634037776722045e-06 1.1598871456295695e-06 2.239555721958798e-05
509 7.634654260167504e-06 1.1588839693818698e-06 2.2397075224721552e-05
510 7.635258193493396e-06 1.1579377546525842e-06 2.2398563286790595e-05
511 7.635849750782914e-06 1.1570452263447581e-06 2.2400021861841702e-05
512 7.636429117481028e-06 1.1562033259039548e-06 2.240145142421871e-05
513 7.636996481282171e-06 1.1554091658535243e-06 2.2402852456501625e-05
514 7.63755204005551e-06 1.1546600114184676e-06 2.240422545541168e-05
515 7.638095991023556e-06 1.153953291244831e-06 2.2405570921199954e-05
516 7.638628539665462e-06 1.1532865854153396e-06 2.2406889365538888e-05
517 7.639149892361157e-06 1.1526575872845516e-06 2.2408181301609115e-05
518 7.639660258580696e-06 1.15206415316412e-06 2.2409447248031004e-05
519 7.64015984891152e-06 1.1515042254420556e-06 2.241068772485087e-05
520 7.640648876105397e-06 1.1509759080414514e-06 2.241190325492073e-05
521 7.641127553128318e-06 1.1504773596577685e-06 2.241309435873891e-05
522 7.641596094328246e-06 1.1500069105103592e-06 2.24142615592068e-05
523 7.64205471205369e-06 1.149562915074678e-06 2.241540537407993e-05
524 7.642503620544111e-06 1.1491438762660662e-06 2.241652632154205e-05
525 7.64294303169349e-06 1.1487483642066678e-06 2.2417624915051342e-05
526 7.643373155536867e-06 1.1483750104634897e-06 2.2418701663960046e-05
527 7.64379420321001e-06 1.1480225804095343e-06 2.241975707502902e-05
528 7.644206381367164e-06 1.1476898477661593e-06 2.2420791647035423e-05
529 7.644609897522173e-06 1.1473756939709927e-06 2.24218058763075e-05
530 7.645004953605538e-06 1.147079058878732e-06 2.242280025093397e-05
531 7.645391753426466e-06 1.1467989320502565e-06 2.2423775253768356e-05
532 7.645770494361019e-06 1.1465343807193477e-06 2.242473136069685e-05
533 7.646141373882842e-06 1.146284513497501e-06 2.2425669041648535e-05
534 7.64650458526453e-06 1.146048479451657e-06 2.242658875757986e-05
535 7.646860320080295e-06 1.1458255105322928e-06 2.242749096429772e-05
536 7.64720876506981e-06 1.1456148469926895e-06 2.2428376107800865e-05
537 7.64755010610345e-06 1.1454157975507509e-06 2.2429244627637623e-05
538 7.647884524575737e-06 1.1452276853341465e-06 2.243009695553392e-05
539 7.64821219895393e-06 1.1450499141043166e-06 2.243093351426975e-05
540 7.648533304049193e-06 1.1448818780473457e-06 2.243175472016129e-05
541 7.648848013338905e-06 1.1447230280568612e-06 2.2432560980094535e-05
542 7.649156493825901e-06 1.1445728468491901e-06 2.2433352693247234e-05
543 7.649458912751e-06 1.1444308569048257e-06 2.2434130250845126e-05
544 7.649755430253178e-06 1.1442965683178513e-06 2.2434894035851955e-05
545 7.650046206796433e-06 1.1441695729382304e-06 2.243564442205098e-05
546 7.650331396925194e-06 1.1440494329981848e-06 2.243638177729293e-05
547 7.650611152965276e-06 1.1439357951867694e-06 2.2437106459985286e-05
548 7.650885623615633e-06 1.1438282663800262e-06 2.2437818820291802e-05
549 7.651154954740372e-06 1.143726529564835e-06 2.2438519201083356e-05
550 7.651419287992677e-06 1.1436302240498446e-06 2.2439207936061232e-05
551 7.65167876298283e-06 1.1435390911618078e-06 2.2439885353924752e-05
552 7.651933515048459e-06 1.1434528075554856e-06 2.2440551772267174e-05
553 7.65218367672258e-06 1.1433711176454375e-06 2.2441207503362563e-05
554 7.652429377498453e-06 1.1432937709109922e-06 2.24418528511831e-05
555 7.652670744449205e-06 1.1432205149652794e-06 2.244248811184397e-05
556 7.652907899977031e-06 1.1431511215187168e-06 2.2443113574496526e-05
557 7.65314096430451e-06 1.1430853947712803e-06 2.2443729521597836e-05
558 7.653370054701911e-06 1.143023117256845e-06 2.2444336228070604e-05
559 7.653595286287878e-06 1.1429641077221225e-06 2.2444933960992566e-05
560 7.6538167696671e-06 1.1429081730666786e-06 2.2445522982075756e-05
561 7.654034614092442e-06 1.1428551634420608e-06 2.2446103545775475e-05
562 7.654248924219284e-06 1.1428049049128155e-06 2.2446675899048656e-05
563 7.654459805055625e-06 1.1427572624253146e-06 2.2447240283828696e-05
564 7.654667354014389e-06 1.1427120754030402e-06 2.244779693394672e-05
565 7.654871672947342e-06 1.142669223018906e-06 2.244834607915264e-05
566 7.655072852661092e-06 1.1426285720100369e-06 2.2448887940839267e-05
567 7.655270989491247e-06 1.1425900105364993e-06 2.2449422736347716e-05
568 7.655466170589375e-06 1.1425534195445289e-06 2.244995067526902e-05
569 7.65565848608517e-06 1.1425187033325774e-06 2.2450471963958526e-05
570 7.655848019693782e-06 1.1424857496886354e-06 2.2450986800394572e-05
571 7.6560348553402e-06 1.1424544657848037e-06 2.245149537862625e-05
572 7.65621907345607e-06 1.1424247691754256e-06 2.245199788675905e-05
573 7.656400752899045e-06 1.14239657854235e-06 2.2452494509445817e-05
574 7.656579968012093e-06 1.1423697986740686e-06 2.2452985422524614e-05
575 7.656756797166179e-06 1.1423443813357255e-06 2.245347080141855e-05
576 7.656931307832879e-06 1.142320213421966e-06 2.2453950811737764e-05
577 7.657103574170162e-06 1.1422972824665446e-06 2.2454425619889456e-05
578 7.657273660812188e-06 1.1422754690348924e-06 2.2454895381723296e-05
579 7.657441637458027e-06 1.1422547630515468e-06 2.245536025383822e-05
580 7.657607564674979e-06 1.1422350750960693e-06 2.245582038463892e-05
581 7.657771508218192e-06 1.1422163717376078e-06 2.2456275920296634e-05
582 7.657933527684177e-06 1.142198579807282e-06 2.245672700216153e-05
583 7.658093681183283e-06 1.1421816772169116e-06 2.2457173767378953e-05
584 7.658252027065814e-06 1.1421656045294799e-06 2.2457616348931882e-05
585 7.65840862099746e-06 1.1421503209682722e-06 2.245805487670176e-05
586 7.658563515856265e-06 1.1421357898552824e-06 2.2458489476000656e-05
587 7.658716765241749e-06 1.1421219714268125e-06 2.2458920268935726e-05
588 7.658868419679033e-06 1.1421088283358523e-06 2.245934737390072e-05
589 7.659018528166918e-06 1.1420963216698812e-06 2.245977090526774e-05
590 7.659167139527515e-06 1.1420844304939198e-06 2.2460190975180824e-05
591 7.659314299387803e-06 1.1420731191075525e-06 2.2460607691582315e-05
592 7.659460053539446e-06 1.1420623606962154e-06 2.2461021159108232e-05
593 7.659604445446082e-06 1.1420521195610845e-06 2.246143147961036e-05
594 7.65974751801979e-06 1.1420423765208726e-06 2.2461838752673697e-05
595 7.659889311970574e-06 1.1420331111219145e-06 2.2462243073347403e-05
596 7.660029868640633e-06 1.1420242905099459e-06 2.2462644535065107e-05
597 7.660169224631415e-06 1.1420158999286647e-06 2.2463043227401356e-05
598 7.660307420136568e-06 1.1420079232155484e-06 2.24634392388115e-05
599 7.66044448980228e-06 1.1420003136712016e-06 2.2463832652780267e-05
600 7.660580469855963e-06 1.1419930962444319e-06 2.2464223552942993e-05
601 7.660715394480847e-06 1.1419862107245967e-06 2.2464612017616945e-05
602 7.660849297564785e-06 1.1419796716142491e-06 2.2464998125668512e-05
603 7.660982210406148e-06 1.1419734464882227e-06 2.246538195094412e-05
604 7.661114165823259e-06 1.1419675248103058e-06 2.246576356699225e-05
605 7.66124519217662e-06 1.1419618796943929e-06 2.2466143042201634e-05
606 7.661375321134503e-06 1.1419565304100998e-06 2.2466520448324212e-05
607 7.661504579495758e-06 1.1419514253340826e-06 2.2466895848668015e-05
608 7.661632996234993e-06 1.1419465835335784e-06 2.246726930891711e-05
609 7.661760597057042e-06 1.1419419653248902e-06 2.2467640890142578e-05
610 7.661887409547343e-06 1.1419375917224862e-06 2.2468010654465475e-05
611 7.66201345672394e-06 1.1419334136433766e-06 2.2468378658170265e-05
612 7.66213876542058e-06 1.1419294663343372e-06 2.2468744959943938e-05
613 7.662263357354029e-06 1.1419256894808938e-06 2.246910961261848e-05
614 7.662387257263416e-06 1.1419221183182788e-06 2.246947267093129e-05
615 7.66251048541964e-06 1.141918713151801e-06 2.2469834185435203e-05
616 7.662633065614962e-06 1.1419154992276291e-06 2.247019420732522e-05
617 7.662755016036576e-06 1.1419124334172663e-06 2.2470552783467343e-05
618 7.662876360510594e-06 1.141909524968905e-06 2.247090996165562e-05
619 7.662997114635924e-06 1.1419067642947552e-06 2.2471265786353266e-05
620 7.663117300755056e-06 1.1419041569680626e-06 2.247162030315432e-05
621 7.663236935104136e-06 1.1419016689049615e-06 2.2471973552532057e-05
622 7.66335603718618e-06 1.141899321912732e-06 2.24723255776092e-05
623 7.663474622560937e-06 1.1418970948109261e-06 2.2472676417459487e-05
624 7.663592709951341e-06 1.1418949837034093e-06 2.247302611110264e-05
625 7.663710313433756e-06 1.1418929947135162e-06 2.247337469561703e-05
626 7.663827450614557e-06 1.1418911064491542e-06 2.2473722208119673e-05
627 7.663944135416153e-06 1.1418893267739345e-06 2.247406868249711e-05
628 7.66406038292371e-06 1.1418876418627998e-06 2.2474414154108613e-05
629 7.664176208033026e-06 1.1418860553257542e-06 2.2474758654921266e-05
630 7.664291623770908e-06 1.1418845519901572e-06 2.247510221743133e-05
631 7.664406643355381e-06 1.141883145400781e-06 2.247544487253626e-05
632 7.664521281110349e-06 1.1418818163309192e-06 2.2475786650305585e-05
633 7.66463554785911e-06 1.1418805639058316e-06 2.2476127578934928e-05
634 7.664749456823587e-06 1.1418793945528468e-06 2.247646768744978e-05
635 7.664863019839848e-06 1.1418782953835795e-06 2.247680700271574e-05
636 7.664976247598664e-06 1.1418772592302678e-06 2.247714555031619e-05
637 7.66508915172206e-06 1.141876295067823e-06 2.247748335683123e-05
638 7.665201742604188e-06 1.1418753972398976e-06 2.2477820446571638e-05
639 7.665314030731778e-06 1.1418745569358038e-06 2.2478156843337282e-05
640 7.665426025784729e-06 1.141873777910837e-06 2.2478492569583527e-05
641 7.66553773881811e-06 1.1418730502210691e-06 2.2478827648717983e-05
642 7.665649176493655e-06 1.1418723790877095e-06 2.247916210156903e-05
643 7.665760350896317e-06 1.1418717631122844e-06 2.2479495949726893e-05
644 7.665871268486601e-06 1.1418711888541926e-06 2.2479829212238715e-05
645 7.665981939327714e-06 1.1418706714427332e-06 2.2480161910442893e-05
646 7.666092370847688e-06 1.1418701820937626e-06 2.248049406222384e-05
647 7.66620257127106e-06 1.1418697551029044e-06 2.2480825686562767e-05
648 7.666312548598914e-06 1.1418693563268343e-06 2.2481156800707025e-05
649 7.666422309703306e-06 1.1418690064364856e-06 2.2481487422414273e-05
650 7.66653186200877e-06 1.1418686840484286e-06 2.2481817567352872e-05
651 7.66664121277465e-06 1.141868414906099e-06 2.2482147252687883e-05
652 7.666750368625668e-06 1.141868163356857e-06 2.248247649331099e-05
653 7.666859335981684e-06 1.1418679596755477e-06 2.24828053053415e-05
654 7.6669681214512e-06 1.1418677752738823e-06 2.2483133702170142e-05
655 7.667076730779341e-06 1.1418676301551342e-06 2.2483461698321655e-05
656 7.667185170238388e-06 1.1418675157871992e-06 2.248378930806148e-05
657 7.667293445507829e-06 1.1418674211245159e-06 2.248411654348316e-05
658 7.667401562481065e-06 1.1418673632257842e-06 2.2484443418534018e-05
659 7.66750952535831e-06 1.1418673219125003e-06 2.2484769944807736e-05
660 7.667617341194067e-06 1.1418673199390637e-06 2.2485096134763963e-05
661 7.66772501312589e-06 1.1418673244065047e-06 2.2485421999181095e-05
662 7.667832546889991e-06 1.1418673584741775e-06 2.248574754977635e-05
663 7.667939947462989e-06 1.1418674272900016e-06 2.248607279860891e-05
664 7.668047219235934e-06 1.1418674954103794e-06 2.2486397753803192e-05
665 7.66815436621925e-06 1.1418676031799008e-06 2.2486722427405432e-05
666 7.668261392994198e-06 1.14186772196946e-06 2.2487046828030826e-05
667 7.668368304261248e-06 1.141867859029128e-06 2.2487370966321216e-05
668 7.668475102470618e-06 1.1418680105033398e-06 2.2487694849991594e-05
669 7.668581793592398e-06 1.1418681873320445e-06 2.24880184892139e-05
670 7.66868837885544e-06 1.1418683736596087e-06 2.248834189168868e-05
671 7.668794864208743e-06 1.1418685836610322e-06 2.2488665066581317e-05
672 7.668901251863507e-06 1.1418688056575104e-06 2.2488988020790686e-05
673 7.66900754527588e-06 1.1418690312131285e-06 2.2489310762933535e-05
674 7.66911374809148e-06 1.14186929173089e-06 2.2489633300150603e-05
675 7.669219863707924e-06 1.1418695499332363e-06 2.2489955640324572e-05
676 7.669325894100379e-06 1.1418698245833531e-06 2.249027778988143e-05
677 7.66943184345684e-06 1.141870113997644e-06 2.2490599755256634e-05
678 7.669537713626947e-06 1.1418704096433994e-06 2.2490921543752932e-05
679 7.669643508365805e-06 1.1418707193401113e-06 2.2491243161368806e-05
680 7.66974922929939e-06 1.1418710506315927e-06 2.2491564614516882e-05
681 7.669854880081728e-06 1.1418713765358688e-06 2.249188590862515e-05
682 7.669960462087472e-06 1.1418717258772827e-06 2.249220705004248e-05
683 7.670065978483323e-06 1.1418720671536476e-06 2.2492528043674145e-05
684 7.670171431850474e-06 1.1418724379881962e-06 2.249284889555361e-05
685 7.670276823339124e-06 1.1418728002196268e-06 2.24931696098504e-05
686 7.67038215640045e-06 1.1418731854503628e-06 2.2493490192954312e-05
687 7.670487432314407e-06 1.141873564334804e-06 2.2493810648196847e-05
688 7.670592653977446e-06 1.1418739664653623e-06 2.2494130981763926e-05
689 7.670697821799462e-06 1.1418743660063561e-06 2.249445119716571e-05
690 7.670802939472113e-06 1.141874782518733e-06 2.2494771299553948e-05
691 7.670908007213044e-06 1.1418751839503198e-06 2.249509129158021e-05
692 7.671013028675281e-06 1.1418756212817062e-06 2.249541117954608e-05
693 7.6711180037739e-06 1.14187604183232e-06 2.2495730965075704e-05
694 7.671222935079868e-06 1.1418764857013435e-06 2.2496050654583947e-05
695 7.671327823771447e-06 1.1418769152307572e-06 2.2496370249320802e-05
696 7.671432672907844e-06 1.1418773689598985e-06 2.2496689754746564e-05
697 7.671537481271888e-06 1.1418778162572367e-06 2.249700917243154e-05
698 7.67164225299481e-06 1.1418782859056643e-06 2.2497328507858308e-05
699 7.671746987417317e-06 1.1418787313204834e-06 2.2497647762073972e-05
700 7.671851687674345e-06 1.1418792115895236e-06 2.249796694038526e-05
701 7.671956353184912e-06 1.141879676323233e-06 2.249828604334121e-05
702 7.67206098769789e-06 1.1418801549176425e-06 2.2498605076592665e-05
703 7.672165589286758e-06 1.141880634405044e-06 2.2498924040336967e-05
704 7.672270162696168e-06 1.141881122644553e-06 2.249924293937008e-05
705 7.67237470476764e-06 1.141881599808374e-06 2.2499561774287614e-05
706 7.672479221798078e-06 1.1418821069668982e-06 2.2499880550177566e-05
707 7.67258371001934e-06 1.1418825859168148e-06 2.2500199266801862e-05
708 7.672688174509964e-06 1.1418831003130976e-06 2.250051792890881e-05
709 7.672792611988645e-06 1.141883587086669e-06 2.250083653627253e-05
710 7.67289702782655e-06 1.1418841038656737e-06 2.2501155093885594e-05
711 7.673001419637661e-06 1.1418846041629993e-06 2.2501473601254202e-05
712 7.673105790593476e-06 1.1418851181541173e-06 2.250179206287301e-05
713 7.67321013937584e-06 1.1418856234849758e-06 2.25021104781866e-05
714 7.673314469052424e-06 1.1418861518349605e-06 2.2502428851426842e-05
715 7.673418778832429e-06 1.1418866602463643e-06 2.2502747183425184e-05
716 7.673523070014498e-06 1.1418871912378941e-06 2.250306547600971e-05
717 7.673627343695146e-06 1.1418877075968813e-06 2.250338373072138e-05
718 7.673731600187308e-06 1.1418882341161633e-06 2.2503701949633213e-05
719 7.673835840153042e-06 1.1418887639115017e-06 2.2504020133845708e-05
720 7.67394006507615e-06 1.1418892911968124e-06 2.250433828545708e-05
721 7.674044274507618e-06 1.1418898249861204e-06 2.2504656406078336e-05
722 7.674148469251089e-06 1.1418903570578275e-06 2.2504974496519175e-05
723 7.674252651142173e-06 1.1418908918140227e-06 2.2505292558590166e-05
724 7.67435681937569e-06 1.1418914291924389e-06 2.250561059366333e-05
725 7.674460974613614e-06 1.1418919673408804e-06 2.2505928602967438e-05
726 7.674565118821335e-06 1.1418925104309727e-06 2.2506246587767428e-05
727 7.67466925066489e-06 1.1418930455247677e-06 2.2506564549005032e-05
728 7.67477337231927e-06 1.1418935911605544e-06 2.2506882488983498e-05
729 7.674877482888603e-06 1.1418941366266648e-06 2.2507200407112166e-05
730 7.674981583621935e-06 1.1418946904767915e-06 2.2507518306432722e-05
731 7.675085675254558e-06 1.1418952222662403e-06 2.250783618584783e-05
732 7.67518975737535e-06 1.1418957815425554e-06 2.2508154048489092e-05
733 7.67529383103894e-06 1.1418963256632322e-06 2.2508471893830766e-05
734 7.675397896756735e-06 1.141896879326729e-06 2.2508789723433724e-05
735 7.67550195447193e-06 1.1418974213839563e-06 2.2509107538541823e-05
736 7.675606004697295e-06 1.1418979829616273e-06 2.2509425339464005e-05
737 7.675710047986352e-06 1.141898535390017e-06 2.2509743127170955e-05
738 7.675814084855693e-06 1.1418990871602705e-06 2.251006090303666e-05
739 7.675918115107085e-06 1.141899651238517e-06 2.251037866737047e-05
740 7.676022139405602e-06 1.1419001944790095e-06 2.2510696420552367e-05
741 7.676126158470514e-06 1.1419007557557288e-06 2.2511014164323443e-05
742 7.676230171904837e-06 1.1419013125559358e-06 2.2511331898505436e-05
743 7.676334180590393e-06 1.1419018782628736e-06 2.2511649624564945e-05
744 7.67643818401836e-06 1.1419024257075345e-06 2.2511967341768945e-05
745 7.676542184105405e-06 1.1419029968324533e-06 2.2512285053454762e-05
746 7.676646178759046e-06 1.1419035478817707e-06 2.2512602757055955e-05
747 7.676750170999959e-06 1.1419041130164695e-06 2.2512920455928556e-05
748 7.676854158483617e-06 1.1419046714982738e-06 2.2513238149011988e-05
749 7.67695814304407e-06 1.1419052395610366e-06 2.251355583720801e-05
750 7.677062124191655e-06 1.1419057978059203e-06 2.2513873521142676e-05
751 7.677166103173936e-06 1.14190636376225e-06 2.251419120179609e-05
752 7.677270079233503e-06 1.1419069253355386e-06 2.2514508878916522e-05
753 7.677374052043226e-06 1.1419074889897657e-06 2.251482655331516e-05
754 7.677478023869926e-06 1.1419080554661154e-06 2.251514422530552e-05
755 7.677581992950638e-06 1.1419086133018292e-06 2.2515461895818353e-05
756 7.67768596022818e-06 1.1419091884533442e-06 2.2515779565066597e-05
757 7.67778992548192e-06 1.1419097453328544e-06 2.2516097232872283e-05
758 7.677893890728667e-06 1.1419103214153755e-06 2.251641490094183e-05
759 7.67799785289154e-06 1.1419108844106478e-06 2.2516732568369226e-05
760 7.678101815092546e-06 1.141911447662578e-06 2.251705023672364e-05
761 7.678205775916038e-06 1.1419120123086774e-06 2.2517367905048953e-05
762 7.678309736495178e-06 1.1419125846091551e-06 2.251768557500995e-05
763 7.678413695312162e-06 1.1419131499936236e-06 2.2518003245496598e-05
764 7.678517654885093e-06 1.1419137246567193e-06 2.2518320918554426e-05
765 7.678621613056115e-06 1.1419142800771757e-06 2.251863859296005e-05
766 7.678725571929668e-06 1.1419148605867098e-06 2.251895627019852e-05
767 7.678829529709839e-06 1.1419154239201598e-06 2.251927394952287e-05
768 7.678933488533842e-06 1.1419159986905741e-06 2.2519591632551156e-05
769 7.67903744704091e-06 1.1419165594502684e-06 2.2519909318179347e-05
770 7.679141406174314e-06 1.1419171348227196e-06 2.2520227007680396e-05
771 7.679245364650602e-06 1.1419177037709958e-06 2.252054470031608e-05
772 7.67934932512904e-06 1.1419182667960907e-06 2.2520862397241165e-05
773 7.6794532851644e-06 1.1419188422900387e-06 2.252118009842352e-05
774 7.679557246461322e-06 1.1419194150202958e-06 2.2521497804519293e-05
775 7.679661208053969e-06 1.1419199787987924e-06 2.252181551399223e-05
776 7.679765171349825e-06 1.1419205598094973e-06 2.2522133229838693e-05
777 7.679869134459383e-06 1.1419211166185996e-06 2.2522450949551418e-05
778 7.67997310009795e-06 1.1419216971254454e-06 2.2522768675377973e-05
779 7.680077065405785e-06 1.1419222603693336e-06 2.252308640577969e-05
780 7.680181033668741e-06 1.141922841819682e-06 2.252340414341791e-05
781 7.680285001318507e-06 1.1419234025009188e-06 2.2523721884846944e-05
782 7.680388972277984e-06 1.1419239814332852e-06 2.25240396343002e-05
783 7.680492943055992e-06 1.1419245438601228e-06 2.2524357388221146e-05
784 7.680596917356937e-06 1.1419251247933174e-06 2.2524675150064917e-05
785 7.68070089096154e-06 1.1419256952291808e-06 2.252499291721408e-05
786 7.680804868759019e-06 1.1419262678344553e-06 2.2525310692213505e-05
787 7.680908845857492e-06 1.1419268321987124e-06 2.252562847280731e-05
788 7.68101282692283e-06 1.1419274089360448e-06 2.2525946261373388e-05
789 7.68111680838812e-06 1.141927977257046e-06 2.252626405602922e-05
790 7.681220792707156e-06 1.1419285546708205e-06 2.2526581859031267e-05
791 7.681324778309967e-06 1.1419291223595765e-06 2.2526899668367227e-05
792 7.681428766937456e-06 1.1419296987273726e-06 2.252721748623768e-05
793 7.681532756481083e-06 1.1419302618626423e-06 2.252753531031238e-05
794 7.681636749165081e-06 1.1419308461172466e-06 2.252785314372499e-05
795 7.681740743340601e-06 1.1419314113879489e-06 2.2528170983502566e-05
796 7.681844740741282e-06 1.1419319862902752e-06 2.25284888320147e-05
797 7.681948739004386e-06 1.1419325557670301e-06 2.2528806688100835e-05
798 7.682052741370636e-06 1.1419331331162492e-06 2.2529124552840925e-05
799 7.682156744237798e-06 1.1419337032872371e-06 2.252944242509674e-05
800 7.68226075134282e-06 1.1419342742560336e-06 2.252976030668686e-05
801 7.682364759545688e-06 1.1419348471736768e-06 2.253007819559084e-05
802 7.682468770879446e-06 1.1419354213416659e-06 2.2530396093644882e-05
803 7.682572784761325e-06 1.1419359923822382e-06 2.2530713999776227e-05
804 7.682676801015737e-06 1.1419365697997037e-06 2.2531031914867885e-05
805 7.682780819450147e-06 1.1419371369968816e-06 2.2531349838592226e-05
806 7.682884841503172e-06 1.1419377126054026e-06 2.2531667771130822e-05
807 7.682988865490308e-06 1.141938284669082e-06 2.2531985712376172e-05
808 7.68309289254503e-06 1.141938858699421e-06 2.253230366265729e-05
809 7.683196922469368e-06 1.14193942699387e-06 2.2532621621969272e-05
810 7.683300954861403e-06 1.1419400119224788e-06 2.2532939590234244e-05
811 7.683404989906275e-06 1.1419405736129583e-06 2.2533257567614622e-05
812 7.683509028009916e-06 1.1419411477442342e-06 2.2533575554132422e-05
813 7.683613068720689e-06 1.1419417274393332e-06 2.2533893550027535e-05
814 7.683717112555805e-06 1.141942287464557e-06 2.2534211554961413e-05
815 7.683821159298434e-06 1.1419428756869283e-06 2.2534529569766438e-05
816 7.683925208842742e-06 1.1419434404743025e-06 2.2534847593546823e-05
817 7.684029261317105e-06 1.141944013097239e-06 2.253516562675872e-05
818 7.684133316782245e-06 1.1419445910766748e-06 2.253548366966736e-05
819 7.684237375289614e-06 1.141945158736625e-06 2.2535801721534453e-05
820 7.684341436232272e-06 1.1419457359985833e-06 2.253611978357779e-05
821 7.684445500855949e-06 1.1419463087025531e-06 2.2536437855180114e-05
822 7.68454956871218e-06 1.1419468863649844e-06 2.2536755936378177e-05
823 7.6846536385293e-06 1.1419474470686278e-06 2.2537074027083465e-05
824 7.684757712710063e-06 1.1419480335698373e-06 2.2537392128059262e-05
825 7.684861788807884e-06 1.141948598690192e-06 2.2537710238144045e-05
826 7.684965868577048e-06 1.141949175205163e-06 2.2538028358369587e-05
827 7.685069951279356e-06 1.1419497494154133e-06 2.2538346488069427e-05
828 7.6851740381261e-06 1.1419503212907512e-06 2.2538664628355217e-05
829 7.68527812654165e-06 1.1419508975017155e-06 2.253898277789263e-05
830 7.685382218629709e-06 1.141951466528147e-06 2.253930093767219e-05
831 7.68548631391725e-06 1.141952038562385e-06 2.2539619107350664e-05
832 7.685590412857939e-06 1.1419526169397749e-06 2.2539937286842356e-05
833 7.685694514792197e-06 1.14195318747874e-06 2.2540255476643036e-05
834 7.68579861941306e-06 1.1419537612479366e-06 2.2540573676834086e-05
835 7.685902727619438e-06 1.141954332733642e-06 2.2540891885762944e-05
836 7.686006839589812e-06 1.1419549096704904e-06 2.254121010620171e-05
837 7.686110953124044e-06 1.1419554827719472e-06 2.2541528335724315e-05
838 7.686215072213706e-06 1.14195606399367e-06 2.2541846576695176e-05
839 7.686319192660757e-06 1.1419566192346916e-06 2.2542164826429824e-05
840 7.686423317670983e-06 1.1419572049787176e-06 2.254248308737504e-05
841 7.686527444457102e-06 1.1419577736134973e-06 2.2542801357749274e-05
842 7.686631576669558e-06 1.1419583579153793e-06 2.2543119639063e-05
843 7.686735709500627e-06 1.1419589164467869e-06 2.2543437929808645e-05
844 7.686839848335854e-06 1.1419594999696325e-06 2.2543756231703175e-05
845 7.68694398830604e-06 1.1419600710274967e-06 2.2544074543105232e-05
846 7.687048133099956e-06 1.1419606486746385e-06 2.254439286526952e-05
847 7.687152280086782e-06 1.1419612140845938e-06 2.254471119748713e-05
848 7.687256431398425e-06 1.141961793863089e-06 2.2545029540621233e-05
849 7.687360585270065e-06 1.1419623594142107e-06 2.2545347893300165e-05
850 7.687464742915216e-06 1.141962946840456e-06 2.2545666257274142e-05
851 7.68756890339433e-06 1.1419635005576265e-06 2.254598463016853e-05
852 7.687673068342784e-06 1.141964098108136e-06 2.2546303015285695e-05
853 7.687777235287841e-06 1.1419646546145204e-06 2.2546621408998836e-05
854 7.687881407001077e-06 1.141965235035393e-06 2.2546939814671196e-05
855 7.687985579934073e-06 1.1419658027651364e-06 2.2547258229462003e-05
856 7.688089758846646e-06 1.1419663853188293e-06 2.2547576655787245e-05
857 7.688193939251624e-06 1.1419669514493407e-06 2.2547895091793765e-05
858 7.688298124342612e-06 1.1419675290493251e-06 2.254821353896864e-05
859 7.68840231161088e-06 1.1419680973309688e-06 2.2548531995943058e-05
860 7.688506503174622e-06 1.141968682864907e-06 2.254885046392724e-05
861 7.688610697940363e-06 1.1419692424426987e-06 2.2549168941514526e-05
862 7.68871489588824e-06 1.141969829903427e-06 2.254948743104198e-05
863 7.688819097445955e-06 1.1419703951834073e-06 2.2549805929624954e-05
864 7.688923302261633e-06 1.1419709704172118e-06 2.2550124439666778e-05
865 7.689027510069203e-06 1.1419715418602029e-06 2.2550442959671536e-05
866 7.689131722549532e-06 1.1419721243513771e-06 2.2550761491046058e-05
867 7.689235937314291e-06 1.141972686441672e-06 2.2551080032260263e-05
868 7.689340155846333e-06 1.1419732673365617e-06 2.255139858449997e-05
869 7.689444377799603e-06 1.1419738384727865e-06 2.255171714667003e-05
870 7.68954860358665e-06 1.1419744115720527e-06 2.2552035719682356e-05
871 7.689652831877692e-06 1.1419749871090494e-06 2.255235430340289e-05
872 7.689757064652134e-06 1.141975562611025e-06 2.2552672897950742e-05
873 7.689861300290756e-06 1.1419761352223993e-06 2.255299150256178e-05
874 7.689965539326073e-06 1.1419767104678744e-06 2.2553310118335595e-05
875 7.690069782212138e-06 1.1419772775009451e-06 2.2553628743997034e-05
876 7.690174028384159e-06 1.1419778584910464e-06 2.2553947380742448e-05
877 7.690278277526386e-06 1.1419784301604422e-06 2.255426602766106e-05
878 7.690382530986765e-06 1.1419790077817341e-06 2.2554584686256785e-05
879 7.690486786860877e-06 1.1419795743221172e-06 2.255490335416118e-05
880 7.690591047567066e-06 1.1419801554680625e-06 2.255522203388113e-05
881 7.690695309905929e-06 1.1419807213147495e-06 2.255554072299343e-05
882 7.690799577661872e-06 1.1419813046534965e-06 2.25558594237229e-05
883 7.690903847290285e-06 1.1419818738075386e-06 2.2556178134462126e-05
884 7.691008121466967e-06 1.1419824467173083e-06 2.25564968564526e-05
885 7.691112398780158e-06 1.1419830176109021e-06 2.2556815588593164e-05
886 7.691216679476295e-06 1.1419836006923574e-06 2.2557134332132794e-05
887 7.691320963442318e-06 1.1419841649217702e-06 2.2557453085437852e-05
888 7.691425251048511e-06 1.1419847506473496e-06 2.2557771849910135e-05
889 7.691529542203137e-06 1.141985313309009e-06 2.25580906245067e-05
890 7.6916338373631e-06 1.1419858992292334e-06 2.2558409410927753e-05
891 7.691738134860315e-06 1.1419864614371022e-06 2.2558728206579692e-05
892 7.691842436981487e-06 1.1419870449053817e-06 2.2559047014373225e-05
893 7.691946741052716e-06 1.1419876084436877e-06 2.2559365831493722e-05
894 7.692051050828624e-06 1.141988187244442e-06 2.255968466018243e-05
895 7.692155361828856e-06 1.141988762497027e-06 2.256000349911486e-05
896 7.692259678269151e-06 1.1419893346475983e-06 2.2560322349273892e-05
897 7.692363996703488e-06 1.1419899125485621e-06 2.2560641209574746e-05
898 7.692468319561042e-06 1.1419904842388822e-06 2.256096008078126e-05
899 7.69257264493439e-06 1.1419910563599907e-06 2.256127896265571e-05
900 7.69267697545585e-06 1.1419916369065167e-06 2.256159785546016e-05
901 7.692781308006055e-06 1.1419922070345115e-06 2.2561916758196872e-05
902 7.69288564464568e-06 1.141992781801441e-06 2.256223567278751e-05
903 7.692989983865854e-06 1.141993353258409e-06 2.2562554597051787e-05
904 7.693094328308713e-06 1.1419939313397307e-06 2.256287353284416e-05
905 7.693198674293668e-06 1.14199450633732e-06 2.2563192478804905e-05
906 7.693303025587642e-06 1.1419950762175703e-06 2.256351143583359e-05
907 7.693407379157349e-06 1.1419956472055565e-06 2.256383040322251e-05
908 7.693511736538369e-06 1.1419962294869535e-06 2.256414938144236e-05
909 7.693616097822545e-06 1.1419967967101192e-06 2.256446837035919e-05
910 7.693720461893231e-06 1.1419973796509151e-06 2.2564787370309946e-05
911 7.693824830234957e-06 1.141997949518278e-06 2.2565106380502367e-05
912 7.693929201349268e-06 1.1419985260288232e-06 2.2565425401881908e-05
913 7.694033576725765e-06 1.1419990936856023e-06 2.2565744433687767e-05
914 7.6941379547208e-06 1.1419996710814734e-06 2.2566063476572567e-05
915 7.694242337285846e-06 1.1420002467039315e-06 2.2566382530073695e-05
916 7.694346722286652e-06 1.1420008221051609e-06 2.25667015941033e-05
917 7.694451111684025e-06 1.1420013968340674e-06 2.2567020669422495e-05
918 7.694555503793831e-06 1.1420019651403558e-06 2.2567339754593745e-05
919 7.694659900305857e-06 1.1420025458531403e-06 2.2567658851236507e-05
920 7.694764299537628e-06 1.1420031188091093e-06 2.256797795832067e-05
921 7.694868702743121e-06 1.1420036877797815e-06 2.256829707616539e-05
922 7.694973108851011e-06 1.1420042664859763e-06 2.2568616205045328e-05
923 7.695077519240176e-06 1.1420048401130467e-06 2.2568935344225488e-05
924 7.695181933071164e-06 1.1420054194771945e-06 2.2569254494345974e-05
925 7.695286349571193e-06 1.1420059875696348e-06 2.256957365498584e-05
926 7.695390770837123e-06 1.1420065629489686e-06 2.256989282686231e-05
927 7.695495194145861e-06 1.1420071423265847e-06 2.2570212008923474e-05
928 7.695599622722995e-06 1.142007709955809e-06 2.2570531202486958e-05
929 7.695704052909124e-06 1.142008287995329e-06 2.257085040619671e-05
930 7.695808488119123e-06 1.1420088607299548e-06 2.2571169621062514e-05
931 7.695912925940947e-06 1.1420094421025687e-06 2.2571488846204477e-05
932 7.696017368065814e-06 1.1420100099518145e-06 2.25718080824227e-05
933 7.696121812780832e-06 1.142010585345187e-06 2.2572127329488784e-05
934 7.69622626157084e-06 1.1420111582809046e-06 2.2572446587078922e-05
935 7.696330714110223e-06 1.1420117400952555e-06 2.25727658557208e-05
936 7.696435169756333e-06 1.1420123075133137e-06 2.257308513479649e-05
937 7.69653962919823e-06 1.1420128855541405e-06 2.2573404425012582e-05
938 7.696644091500477e-06 1.1420134522960943e-06 2.25737237251367e-05
939 7.696748558310219e-06 1.1420140369852432e-06 2.257404303743996e-05
940 7.696853027805434e-06 1.1420146026351939e-06 2.2574362359178495e-05
941 7.696957501332178e-06 1.142015187536749e-06 2.2574681692392796e-05
942 7.697061978022667e-06 1.1420157511854129e-06 2.2575001036327226e-05
943 7.697166458493874e-06 1.1420163396475263e-06 2.257532039128971e-05
944 7.697270942634423e-06 1.1420169010920757e-06 2.257563975594793e-05
945 7.697375429954858e-06 1.142017483123562e-06 2.2575959132826547e-05
946 7.697479920540116e-06 1.14201805408673e-06 2.2576278519025485e-05
947 7.697584415502622e-06 1.1420186374509027e-06 2.2576597917522563e-05
948 7.697688912951641e-06 1.1420191953461592e-06 2.2576917325389974e-05
949 7.697793415004841e-06 1.1420197855825369e-06 2.257723674516066e-05
950 7.697897919439798e-06 1.1420203503436567e-06 2.257755617487854e-05
951 7.698002428662431e-06 1.1420209312735114e-06 2.2577875615901293e-05
952 7.698106940087583e-06 1.1420214993589183e-06 2.257819506735615e-05
953 7.698211456387193e-06 1.1420220849506095e-06 2.2578514530341734e-05
954 7.698315974895703e-06 1.1420226499298005e-06 2.257883400298589e-05
955 7.698420497921856e-06 1.142023227108309e-06 2.2579153486984914e-05
956 7.69852502367014e-06 1.1420238036023453e-06 2.2579472981788736e-05
957 7.698629553729424e-06 1.1420243779018305e-06 2.257979248726128e-05
958 7.698734086729172e-06 1.1420249522058507e-06 2.2580112003298763e-05
959 7.69883862377795e-06 1.1420255267138183e-06 2.258043153088125e-05
960 7.698943163810281e-06 1.1420261038854524e-06 2.258075106871064e-05
961 7.699047707744951e-06 1.1420266744160052e-06 2.2581070617366202e-05
962 7.699152255037998e-06 1.1420272542639397e-06 2.2581390176877467e-05
963 7.699256805602449e-06 1.1420278285560976e-06 2.2581709747188097e-05
964 7.699361360484103e-06 1.1420283990951201e-06 2.2582029328279044e-05
965 7.699465918088675e-06 1.1420289725084458e-06 2.2582348919704722e-05
966 7.699570479756805e-06 1.1420295572295739e-06 2.258266852283441e-05
967 7.69967504444485e-06 1.1420301260072487e-06 2.258298813612142e-05
968 7.699779613178441e-06 1.1420306998681329e-06 2.2583307760485188e-05
969 7.699884184937923e-06 1.1420312790526237e-06 2.2583627395564196e-05
970 7.699988761055913e-06 1.1420318515828646e-06 2.2583947041304536e-05
971 7.700093339520037e-06 1.1420324267784183e-06 2.258426669790515e-05
972 7.70019792251774e-06 1.1420330017573925e-06 2.2584586365508116e-05
973 7.700302508173336e-06 1.1420335751854972e-06 2.2584906043509315e-05
974 7.700407098356511e-06 1.1420341532618189e-06 2.2585225732774654e-05
975 7.70051169102431e-06 1.1420347242576115e-06 2.2585545432208477e-05
976 7.700616288371543e-06 1.1420352999099987e-06 2.2585865143100722e-05
977 7.700720888167891e-06 1.1420358751185351e-06 2.2586184864027678e-05
978 7.700825492474892e-06 1.1420364574195568e-06 2.2586504596574635e-05
979 7.700930098948063e-06 1.142037021993834e-06 2.2586824339568947e-05
980 7.701034710752801e-06 1.1420376002990709e-06 2.2587144093265066e-05
981 7.701139324138155e-06 1.1420381730833372e-06 2.2587463857578506e-05
982 7.701243943064817e-06 1.1420387533714315e-06 2.2587783633680043e-05
983 7.701348563987743e-06 1.1420393308124083e-06 2.258810341955376e-05
984 7.701453188847358e-06 1.1420399009375049e-06 2.2588423216520654e-05
985 7.701557817559951e-06 1.1420404803591533e-06 2.2588743024711333e-05
986 7.701662449520669e-06 1.1420410478346237e-06 2.2589062843253405e-05
987 7.70176708536573e-06 1.1420416323539775e-06 2.2589382672902887e-05
988 7.701871723787259e-06 1.1420421973911714e-06 2.258970251294728e-05
989 7.701976367044495e-06 1.142042783249164e-06 2.259002236436462e-05
990 7.702081012861216e-06 1.1420433496063035e-06 2.259034222577708e-05
991 7.70218566304664e-06 1.1420439343622965e-06 2.259066209904467e-05
992 7.702290315691587e-06 1.142044496967928e-06 2.2590981981894246e-05
993 7.702394972870863e-06 1.1420450830522581e-06 2.259130187681095e-05
994 7.702499632726617e-06 1.1420456505360364e-06 2.2591621781480745e-05
995 7.702604297192801e-06 1.1420462319722176e-06 2.259194169778438e-05
996 7.702708963985993e-06 1.1420468018800523e-06 2.2592261624502356e-05
997 7.702813635525072e-06 1.1420473835510704e-06 2.2592581562089613e-05
998 7.702918309443543e-06 1.1420479483682994e-06 2.2592901510046294e-05
999 7.70302298763671e-06 1.1420485344756335e-06 2.2593221469674595e-05
1000 7.703127669048077e-06 1.1420491037398566e-06 2.259354143944828e-05
1001 7.703232354215936e-06 1.1420496840710447e-06 2.2593861420665016e-05
1002 7.703337042734617e-06 1.1420502551135102e-06 2.259418141205904e-05
1003 7.703441734571623e-06 1.142050833466307e-06 2.2594501415033626e-05
1004 7.703546430495675e-06 1.1420514082594246e-06 2.2594821427818625e-05
1005 7.703651129612173e-06 1.1420519810842294e-06 2.2595141452271886e-05
1006 7.703755832393525e-06 1.1420525598771414e-06 2.2595461486851256e-05
1007 7.703860538643077e-06 1.1420531302617851e-06 2.2595781532739332e-05
1008 7.703965248183425e-06 1.1420537121601018e-06 2.259610158916023e-05
1009 7.704069962150027e-06 1.1420542803278187e-06 2.2596421656506408e-05
1010 7.704174678255282e-06 1.1420548648962576e-06 2.2596741734812285e-05
1011 7.704279399476882e-06 1.1420554341809952e-06 2.2597061823992425e-05
1012 7.704384122712756e-06 1.1420560114347033e-06 2.259738192346777e-05
1013 7.7044888502799e-06 1.1420565849245245e-06 2.2597702034418036e-05
1014 7.704593581476007e-06 1.1420571597436093e-06 2.2598022155864924e-05
1015 7.704698316279137e-06 1.1420577405488763e-06 2.2598342288436167e-05
1016 7.704803053824439e-06 1.1420583162639798e-06 2.259866243112446e-05
1017 7.704907795941636e-06 1.1420588848852612e-06 2.259898258532493e-05
1018 7.705012540883423e-06 1.1420594636997524e-06 2.2599302750142906e-05
1019 7.705117289977244e-06 1.1420600414249912e-06 2.259962292604345e-05
1020 7.705222041770865e-06 1.1420606166912148e-06 2.259994311242962e-05
1021 7.705326798106884e-06 1.142061185554975e-06 2.260026330933681e-05
1022 7.705431557014462e-06 1.1420617692419596e-06 2.2600583517748823e-05
1023 7.705536319750634e-06 1.1420623469593078e-06 2.2600903736786802e-05
1024 7.705641086429646e-06 1.1420629184794234e-06 2.260122396621059e-05
1025 7.705745856402817e-06 1.142063489109644e-06 2.2601544206890837e-05
1026 7.705850629685682e-06 1.1420640666151347e-06 2.260186445858793e-05
1027 7.705955407062234e-06 1.1420646465482928e-06 2.2602184720464054e-05
1028 7.706060187672656e-06 1.1420652245047195e-06 2.2602504993909108e-05
1029 7.70616497126867e-06 1.1420657907073276e-06 2.260282527755694e-05
1030 7.706269759636614e-06 1.1420663762009258e-06 2.2603145572787186e-05
1031 7.706374550196729e-06 1.1420669421889849e-06 2.260346587767114e-05
1032 7.70647934563306e-06 1.1420675314272393e-06 2.2603786194793072e-05
1033 7.70658414288027e-06 1.1420680916681523e-06 2.2604106521776394e-05
1034 7.706688945778306e-06 1.1420686802637103e-06 2.2604426860228617e-05
1035 7.706793750693883e-06 1.1420692442701547e-06 2.2604747208612935e-05
1036 7.706898559772438e-06 1.1420698304314696e-06 2.2605067568963968e-05
1037 7.707003371643555e-06 1.1420703981953027e-06 2.2605387938971502e-05
1038 7.70710818846914e-06 1.14207098790918e-06 2.2605708321005122e-05
1039 7.707213007187317e-06 1.142071545057405e-06 2.2606028712769477e-05
1040 7.707317830940675e-06 1.1420721316540798e-06 2.260634911627617e-05
1041 7.707422657126961e-06 1.1420727027644929e-06 2.2606669529989952e-05
1042 7.70752748777389e-06 1.1420732851605835e-06 2.2606989955348358e-05
1043 7.707632320748158e-06 1.1420738553875665e-06 2.2607310390426715e-05
1044 7.707737159213948e-06 1.142074436682955e-06 2.260763083771172e-05
1045 7.707841998934486e-06 1.1420750073459508e-06 2.2607951294401243e-05
1046 7.707946843828757e-06 1.1420755882099693e-06 2.2608271763199734e-05
1047 7.708051691406555e-06 1.1420761573354063e-06 2.2608592241702963e-05
1048 7.708156543513558e-06 1.1420767388630302e-06 2.260891273204917e-05
1049 7.708261397492722e-06 1.1420773095426752e-06 2.260923323242334e-05
1050 7.708366257095158e-06 1.142077893061317e-06 2.2609553744791882e-05
1051 7.708471118484134e-06 1.1420784624187467e-06 2.2609874266281694e-05
1052 7.708575984567868e-06 1.1420790410622636e-06 2.2610194800196622e-05
1053 7.708680853164737e-06 1.1420796139699293e-06 2.2610515343727038e-05
1054 7.70878572696238e-06 1.1420801930615387e-06 2.2610835899257763e-05
1055 7.70889060181897e-06 1.1420807635295756e-06 2.2611156464557172e-05
1056 7.708995482588799e-06 1.1420813521636639e-06 2.2611477041817724e-05
1057 7.709100365523269e-06 1.1420819157558788e-06 2.2611797628972512e-05
1058 7.709205252747317e-06 1.1420825035192896e-06 2.261211822794625e-05
1059 7.709310142836497e-06 1.142083071550599e-06 2.2612438837043127e-05
1060 7.70941503734526e-06 1.1420836484450275e-06 2.2612759457420308e-05
1061 7.709519934632171e-06 1.142084225118826e-06 2.2613080088376518e-05
1062 7.709624835439921e-06 1.1420847971605139e-06 2.2613400729781218e-05
1063 7.70972974072951e-06 1.142085381576284e-06 2.261372138275641e-05
1064 7.709834648440997e-06 1.142085949403095e-06 2.261404204630843e-05
1065 7.709939560301367e-06 1.1420865307358903e-06 2.2614362720689876e-05
1066 7.710044475624695e-06 1.1420871023370391e-06 2.2614683406060082e-05
1067 7.710149394352926e-06 1.1420876872207054e-06 2.2615004102289447e-05
1068 7.710254317156036e-06 1.1420882554968383e-06 2.2615324809181975e-05
1069 7.710359242528981e-06 1.142088833069654e-06 2.2615645526795852e-05
1070 7.710464172582145e-06 1.1420894126429583e-06 2.2615966256001626e-05
1071 7.710569104889883e-06 1.1420899875639876e-06 2.2616286995414194e-05
1072 7.71067404213032e-06 1.1420905616077713e-06 2.2616607745721825e-05
1073 7.710778981856178e-06 1.1420911374180347e-06 2.2616928506634512e-05
1074 7.710883925746851e-06 1.1420917172237018e-06 2.2617249278842343e-05
1075 7.710988872920571e-06 1.1420922925921066e-06 2.2617570061842404e-05
1076 7.711093823966287e-06 1.1420928670728864e-06 2.2617890855768285e-05
1077 7.711198777989861e-06 1.1420934490978847e-06 2.261821166065287e-05
1078 7.711303735980518e-06 1.142094015842834e-06 2.2618532476029485e-05
1079 7.711408697658962e-06 1.1420945971987281e-06 2.261885330258449e-05
1080 7.711513662299416e-06 1.1420951743585415e-06 2.2619174139693694e-05
1081 7.71161863117599e-06 1.1420957495173705e-06 2.2619494987730032e-05
1082 7.711723603182606e-06 1.142096325351068e-06 2.26198158467746e-05
1083 7.711828578735838e-06 1.14209690094985e-06 2.262013671683386e-05
1084 7.711933557719817e-06 1.1420974778928196e-06 2.262045759718066e-05
1085 7.71203854083741e-06 1.1420980541755082e-06 2.262077848916764e-05
1086 7.712143527022739e-06 1.1420986333312844e-06 2.2621099391578578e-05
1087 7.712248516831627e-06 1.1420992069504626e-06 2.2621420305030247e-05
1088 7.712353510378216e-06 1.1420997883251295e-06 2.262174122924909e-05
1089 7.712458507279478e-06 1.1421003597417135e-06 2.2622062164154163e-05
1090 7.712563507741186e-06 1.1421009424510957e-06 2.2622383110426966e-05
1091 7.71266851171165e-06 1.142101513200189e-06 2.262270406723161e-05
1092 7.712773519444122e-06 1.1421020826119353e-06 2.2623025034797386e-05
1093 7.712878530587405e-06 1.1421026684414865e-06 2.262334601346809e-05
1094 7.712983545497025e-06 1.1421032447233079e-06 2.2623667002999087e-05
1095 7.713088563673285e-06 1.1421038176982262e-06 2.262398800301277e-05
1096 7.71319358570598e-06 1.1421043975448842e-06 2.262430901441444e-05
